const uint16_t coil_acceleration_lut[3200] = { 	
	5075, 5075, 5075, 5075, 5075, 5075, 5075, 5075, 5075, 5075, 5075, 5075, 5075, 5075, 5075, 5075,
	5075, 5075, 5075, 5075, 5075, 4994, 4917, 4846, 4778, 4714, 4653, 4595, 4539, 4487, 4436, 4388,
	4341, 4297, 4254, 4213, 4173, 4135, 4097, 4062, 4027, 3993, 3961, 3929, 3898, 3868, 3839, 3811,
	3783, 3757, 3730, 3705, 3680, 3656, 3632, 3609, 3586, 3564, 3542, 3521, 3500, 3480, 3460, 3441,
	3421, 3403, 3384, 3366, 3348, 3331, 3314, 3297, 3280, 3264, 3248, 3232, 3217, 3201, 3186, 3172,
	3157, 3143, 3129, 3115, 3101, 3088, 3074, 3061, 3048, 3036, 3023, 3011, 2998, 2986, 2974, 2963,
	2951, 2939, 2928, 2917, 2906, 2895, 2884, 2874, 2863, 2853, 2842, 2832, 2822, 2812, 2802, 2792,
	2783, 2773, 2764, 2755, 2745, 2736, 2727, 2718, 2709, 2701, 2692, 2683, 2675, 2666, 2658, 2650,
	2642, 2633, 2625, 2617, 2610, 2602, 2594, 2586, 2579, 2571, 2564, 2556, 2549, 2542, 2534, 2527,
	2520, 2513, 2506, 2499, 2492, 2485, 2479, 2472, 2465, 2459, 2452, 2446, 2439, 2433, 2426, 2420,
	2414, 2408, 2401, 2395, 2389, 2383, 2377, 2371, 2365, 2359, 2354, 2348, 2342, 2336, 2331, 2325,
	2319, 2314, 2308, 2303, 2297, 2292, 2287, 2281, 2276, 2271, 2266, 2260, 2255, 2250, 2245, 2240,
	2235, 2230, 2225, 2220, 2215, 2210, 2205, 2200, 2196, 2191, 2186, 2181, 2177, 2172, 2167, 2163,
	2158, 2154, 2149, 2145, 2140, 2136, 2131, 2127, 2122, 2118, 2114, 2109, 2105, 2101, 2097, 2092,
	2088, 2084, 2080, 2076, 2072, 2068, 2064, 2060, 2056, 2051, 2048, 2044, 2040, 2036, 2032, 2028,
	2024, 2020, 2016, 2013, 2009, 2005, 2001, 1997, 1994, 1990, 1986, 1983, 1979, 1975, 1972, 1968,
	1965, 1961, 1958, 1954, 1950, 1947, 1943, 1940, 1937, 1933, 1930, 1926, 1923, 1919, 1916, 1913,
	1909, 1906, 1903, 1900, 1896, 1893, 1890, 1886, 1883, 1880, 1877, 1874, 1871, 1867, 1864, 1861,
	1858, 1855, 1852, 1849, 1846, 1843, 1840, 1836, 1833, 1830, 1827, 1824, 1821, 1819, 1816, 1813,
	1810, 1807, 1804, 1801, 1798, 1795, 1792, 1790, 1787, 1784, 1781, 1778, 1775, 1773, 1770, 1767,
	1764, 1762, 1759, 1756, 1753, 1751, 1748, 1745, 1743, 1740, 1737, 1735, 1732, 1729, 1727, 1724,
	1722, 1719, 1716, 1714, 1711, 1709, 1706, 1704, 1701, 1699, 1696, 1694, 1691, 1689, 1686, 1684,
	1681, 1679, 1676, 1674, 1671, 1669, 1667, 1664, 1662, 1659, 1657, 1655, 1652, 1650, 1647, 1645,
	1643, 1640, 1638, 1636, 1634, 1631, 1629, 1627, 1624, 1622, 1620, 1618, 1615, 1613, 1611, 1609,
	1606, 1604, 1602, 1600, 1598, 1595, 1593, 1591, 1589, 1587, 1584, 1582, 1580, 1578, 1576, 1574,
	1572, 1570, 1567, 1565, 1563, 1561, 1559, 1557, 1555, 1553, 1551, 1549, 1547, 1545, 1543, 1541,
	1538, 1536, 1534, 1532, 1530, 1528, 1526, 1524, 1522, 1520, 1519, 1517, 1515, 1513, 1511, 1509,
	1507, 1505, 1503, 1501, 1499, 1497, 1495, 1493, 1491, 1490, 1488, 1486, 1484, 1482, 1480, 1478,
	1476, 1475, 1473, 1471, 1469, 1467, 1465, 1464, 1462, 1460, 1458, 1456, 1454, 1453, 1451, 1449,
	1447, 1446, 1444, 1442, 1440, 1438, 1437, 1435, 1433, 1431, 1430, 1428, 1426, 1424, 1423, 1421,
	1419, 1418, 1416, 1414, 1412, 1411, 1409, 1407, 1406, 1404, 1402, 1401, 1399, 1397, 1396, 1394,
	1392, 1391, 1389, 1387, 1386, 1384, 1383, 1381, 1379, 1378, 1376, 1374, 1373, 1371, 1370, 1368,
	1366, 1365, 1363, 1362, 1360, 1359, 1357, 1355, 1354, 1352, 1351, 1349, 1348, 1346, 1345, 1343,
	1341, 1340, 1338, 1337, 1335, 1334, 1332, 1331, 1329, 1328, 1326, 1325, 1323, 1322, 1320, 1319,
	1317, 1316, 1314, 1313, 1311, 1310, 1308, 1307, 1306, 1304, 1303, 1301, 1300, 1298, 1297, 1295,
	1294, 1293, 1291, 1290, 1288, 1287, 1285, 1284, 1283, 1281, 1280, 1278, 1277, 1276, 1274, 1273,
	1271, 1270, 1269, 1267, 1266, 1264, 1263, 1262, 1260, 1259, 1258, 1256, 1255, 1254, 1252, 1251,
	1250, 1248, 1247, 1245, 1244, 1243, 1241, 1240, 1239, 1238, 1236, 1235, 1234, 1232, 1231, 1230,
	1228, 1227, 1226, 1224, 1223, 1222, 1221, 1219, 1218, 1217, 1215, 1214, 1213, 1212, 1210, 1209,
	1208, 1206, 1205, 1204, 1203, 1201, 1200, 1199, 1198, 1196, 1195, 1194, 1193, 1191, 1190, 1189,
	1188, 1187, 1185, 1184, 1183, 1182, 1180, 1179, 1178, 1177, 1176, 1174, 1173, 1172, 1171, 1170,
	1168, 1167, 1166, 1165, 1164, 1162, 1161, 1160, 1159, 1158, 1157, 1155, 1154, 1153, 1152, 1151,
	1150, 1148, 1147, 1146, 1145, 1144, 1143, 1141, 1140, 1139, 1138, 1137, 1136, 1135, 1133, 1132,
	1131, 1130, 1129, 1128, 1127, 1126, 1124, 1123, 1122, 1121, 1120, 1119, 1118, 1117, 1116, 1114,
	1113, 1112, 1111, 1110, 1109, 1108, 1107, 1106, 1105, 1103, 1102, 1101, 1100, 1099, 1098, 1097,
	1096, 1095, 1094, 1093, 1092, 1091, 1090, 1088, 1087, 1086, 1085, 1084, 1083, 1082, 1081, 1080,
	1079, 1078, 1077, 1076, 1075, 1074, 1073, 1072, 1071, 1070, 1069, 1068, 1067, 1065, 1064, 1063,
	1062, 1061, 1060, 1059, 1058, 1057, 1056, 1055, 1054, 1053, 1052, 1051, 1050, 1049, 1048, 1047,
	1046, 1045, 1044, 1043, 1042, 1041, 1040, 1039, 1038, 1037, 1036, 1035, 1034, 1033, 1032, 1031,
	1031, 1030, 1029, 1028, 1027, 1026, 1025, 1024, 1023, 1022, 1021, 1020, 1019, 1018, 1017, 1016,
	1015, 1014, 1013, 1012, 1011, 1010, 1009, 1008, 1008, 1007, 1006, 1005, 1004, 1003, 1002, 1001,
	1000, 999, 998, 997, 996, 995, 994, 994, 993, 992, 991, 990, 989, 988, 987, 986,
	985, 984, 984, 983, 982, 981, 980, 979, 978, 977, 976, 975, 975, 974, 973, 972,
	971, 970, 969, 968, 967, 967, 966, 965, 964, 963, 962, 961, 960, 959, 959, 958,
	957, 956, 955, 954, 953, 953, 952, 951, 950, 949, 948, 947, 946, 946, 945, 944,
	943, 942, 941, 941, 940, 939, 938, 937, 936, 935, 935, 934, 933, 932, 931, 930,
	930, 929, 928, 927, 926, 925, 925, 924, 923, 922, 921, 920, 920, 919, 918, 917,
	916, 916, 915, 914, 913, 912, 911, 911, 910, 909, 908, 907, 907, 906, 905, 904,
	903, 903, 902, 901, 900, 899, 899, 898, 897, 896, 895, 895, 894, 893, 892, 891,
	891, 890, 889, 888, 888, 887, 886, 885, 884, 884, 883, 882, 881, 880, 880, 879,
	878, 877, 877, 876, 875, 874, 874, 873, 872, 871, 870, 870, 869, 868, 867, 867,
	866, 865, 864, 864, 863, 862, 861, 861, 860, 859, 858, 858, 857, 856, 855, 855,
	854, 853, 852, 852, 851, 850, 849, 849, 848, 847, 847, 846, 845, 844, 844, 843,
	842, 841, 841, 840, 839, 838, 838, 837, 836, 836, 835, 834, 833, 833, 832, 831,
	831, 830, 829, 828, 828, 827, 826, 826, 825, 824, 823, 823, 822, 821, 821, 820,
	819, 818, 818, 817, 816, 816, 815, 814, 814, 813, 812, 811, 811, 810, 809, 809,
	808, 807, 807, 806, 805, 805, 804, 803, 802, 802, 801, 800, 800, 799, 798, 798,
	797, 796, 796, 795, 794, 794, 793, 792, 792, 791, 790, 790, 789, 788, 788, 787,
	786, 786, 785, 784, 784, 783, 782, 782, 781, 780, 780, 779, 778, 778, 777, 776,
	776, 775, 774, 774, 773, 772, 772, 771, 770, 770, 769, 768, 768, 767, 766, 766,
	765, 765, 764, 763, 763, 762, 761, 761, 760, 759, 759, 758, 757, 757, 756, 756,
	755, 754, 754, 753, 752, 752, 751, 750, 750, 749, 749, 748, 747, 747, 746, 745,
	745, 744, 744, 743, 742, 742, 741, 740, 740, 739, 739, 738, 737, 737, 736, 735,
	735, 734, 734, 733, 732, 732, 731, 731, 730, 729, 729, 728, 727, 727, 726, 726,
	725, 724, 724, 723, 723, 722, 721, 721, 720, 720, 719, 718, 718, 717, 717, 716,
	715, 715, 714, 714, 713, 712, 712, 711, 711, 710, 709, 709, 708, 708, 707, 706,
	706, 705, 705, 704, 704, 703, 702, 702, 701, 701, 700, 699, 699, 698, 698, 697,
	697, 696, 695, 695, 694, 694, 693, 692, 692, 691, 691, 690, 690, 689, 688, 688,
	687, 687, 686, 686, 685, 684, 684, 683, 683, 682, 682, 681, 680, 680, 679, 679,
	678, 678, 677, 677, 676, 675, 675, 674, 674, 673, 673, 672, 671, 671, 670, 670,
	669, 669, 668, 668, 667, 666, 666, 665, 665, 664, 664, 663, 663, 662, 662, 661,
	660, 660, 659, 659, 658, 658, 657, 657, 656, 655, 655, 654, 654, 653, 653, 652,
	652, 651, 651, 650, 650, 649, 648, 648, 647, 647, 646, 646, 645, 645, 644, 644,
	643, 643, 642, 642, 641, 640, 640, 639, 639, 638, 638, 637, 637, 636, 636, 635,
	635, 634, 634, 633, 633, 632, 631, 631, 630, 630, 629, 629, 628, 628, 627, 627,
	626, 626, 625, 625, 624, 624, 623, 623, 622, 622, 621, 621, 620, 620, 619, 619,
	618, 618, 617, 616, 616, 615, 615, 614, 614, 613, 613, 612, 612, 611, 611, 610,
	610, 609, 609, 608, 608, 607, 607, 606, 606, 605, 605, 604, 604, 603, 603, 602,
	602, 601, 601, 600, 600, 599, 599, 598, 598, 597, 597, 596, 596, 595, 595, 594,
	594, 593, 593, 592, 592, 591, 591, 590, 590, 589, 589, 589, 588, 588, 587, 587,
	586, 586, 585, 585, 584, 584, 583, 583, 582, 582, 581, 581, 580, 580, 579, 579,
	578, 578, 577, 577, 576, 576, 575, 575, 575, 574, 574, 573, 573, 572, 572, 571,
	571, 570, 570, 569, 569, 568, 568, 567, 567, 566, 566, 566, 565, 565, 564, 564,
	563, 563, 562, 562, 561, 561, 560, 560, 559, 559, 558, 558, 558, 557, 557, 556,
	556, 555, 555, 554, 554, 553, 553, 552, 552, 552, 551, 551, 550, 550, 549, 549,
	548, 548, 547, 547, 547, 546, 546, 545, 545, 544, 544, 543, 543, 542, 542, 542,
	541, 541, 540, 540, 539, 539, 538, 538, 537, 537, 537, 536, 536, 535, 535, 534,
	534, 533, 533, 533, 532, 532, 531, 531, 530, 530, 529, 529, 529, 528, 528, 527,
	527, 526, 526, 525, 525, 525, 524, 524, 523, 523, 522, 522, 522, 521, 521, 520,
	520, 519, 519, 518, 518, 518, 517, 517, 516, 516, 515, 515, 515, 514, 514, 513,
	513, 512, 512, 512, 511, 511, 510, 510, 509, 509, 509, 508, 508, 507, 507, 506,
	506, 506, 505, 505, 504, 504, 503, 503, 503, 502, 502, 501, 501, 500, 500, 500,
	499, 499, 498, 498, 497, 497, 497, 496, 496, 495, 495, 495, 494, 494, 493, 493,
	492, 492, 492, 491, 491, 490, 490, 490, 489, 489, 488, 488, 487, 487, 487, 486,
	486, 485, 485, 485, 484, 484, 483, 483, 483, 482, 482, 481, 481, 480, 480, 480,
	479, 479, 478, 478, 478, 477, 477, 476, 476, 476, 475, 475, 474, 474, 474, 473,
	473, 472, 472, 472, 471, 471, 470, 470, 470, 469, 469, 468, 468, 468, 467, 467,
	466, 466, 466, 465, 465, 464, 464, 464, 463, 463, 462, 462, 462, 461, 461, 460,
	460, 460, 459, 459, 458, 458, 458, 457, 457, 456, 456, 456, 455, 455, 454, 454,
	454, 453, 453, 452, 452, 452, 451, 451, 451, 450, 450, 449, 449, 449, 448, 448,
	447, 447, 447, 446, 446, 445, 445, 445, 444, 444, 444, 443, 443, 442, 442, 442,
	441, 441, 440, 440, 440, 439, 439, 439, 438, 438, 437, 437, 437, 436, 436, 436,
	435, 435, 434, 434, 434, 433, 433, 432, 432, 432, 431, 431, 431, 430, 430, 429,
	429, 429, 428, 428, 428, 427, 427, 426, 426, 426, 425, 425, 425, 424, 424, 423,
	423, 423, 422, 422, 422, 421, 421, 421, 420, 420, 419, 419, 419, 418, 418, 418,
	417, 417, 416, 416, 416, 415, 415, 415, 414, 414, 414, 413, 413, 412, 412, 412,
	411, 411, 411, 410, 410, 410, 409, 409, 408, 408, 408, 407, 407, 407, 406, 406,
	406, 405, 405, 404, 404, 404, 403, 403, 403, 402, 402, 402, 401, 401, 400, 400,
	400, 399, 399, 399, 398, 398, 398, 397, 397, 397, 396, 396, 395, 395, 395, 394,
	394, 394, 393, 393, 393, 392, 392, 392, 391, 391, 391, 390, 390, 389, 389, 389,
	388, 388, 388, 387, 387, 387, 386, 386, 386, 385, 385, 385, 384, 384, 384, 383,
	383, 382, 382, 382, 381, 381, 381, 380, 380, 380, 379, 379, 379, 378, 378, 378,
	377, 377, 377, 376, 376, 376, 375, 375, 375, 374, 374, 374, 373, 373, 372, 372,
	372, 371, 371, 371, 370, 370, 370, 369, 369, 369, 368, 368, 368, 367, 367, 367,
	366, 366, 366, 365, 365, 365, 364, 364, 364, 363, 363, 363, 362, 362, 362, 361,
	361, 361, 360, 360, 360, 359, 359, 359, 358, 358, 358, 357, 357, 357, 356, 356,
	356, 355, 355, 355, 354, 354, 354, 353, 353, 353, 352, 352, 352, 351, 351, 351,
	350, 350, 350, 349, 349, 349, 348, 348, 348, 347, 347, 347, 346, 346, 346, 345,
	345, 345, 344, 344, 344, 343, 343, 343, 342, 342, 342, 342, 341, 341, 341, 340,
	340, 340, 339, 339, 339, 338, 338, 338, 337, 337, 337, 336, 336, 336, 335, 335,
	335, 334, 334, 334, 333, 333, 333, 333, 332, 332, 332, 331, 331, 331, 330, 330,
	330, 329, 329, 329, 328, 328, 328, 327, 327, 327, 326, 326, 326, 326, 325, 325,
	325, 324, 324, 324, 323, 323, 323, 322, 322, 322, 321, 321, 321, 320, 320, 320,
	320, 319, 319, 319, 318, 318, 318, 317, 317, 317, 316, 316, 316, 316, 315, 315,
	315, 314, 314, 314, 313, 313, 313, 312, 312, 312, 311, 311, 311, 311, 310, 310,
	310, 309, 309, 309, 308, 308, 308, 307, 307, 307, 307, 306, 306, 306, 305, 305,
	305, 304, 304, 304, 304, 303, 303, 303, 302, 302, 302, 301, 301, 301, 300, 300,
	300, 300, 299, 299, 299, 298, 298, 298, 297, 297, 297, 297, 296, 296, 296, 295,
	295, 295, 294, 294, 294, 294, 293, 293, 293, 292, 292, 292, 291, 291, 291, 291,
	290, 290, 290, 289, 289, 289, 289, 288, 288, 288, 287, 287, 287, 286, 286, 286,
	286, 285, 285, 285, 284, 284, 284, 283, 283, 283, 283, 282, 282, 282, 281, 281,
	281, 281, 280, 280, 280, 279, 279, 279, 279, 278, 278, 278, 277, 277, 277, 276,
	276, 276, 276, 275, 275, 275, 274, 274, 274, 274, 273, 273, 273, 272, 272, 272,
	272, 271, 271, 271, 270, 270, 270, 270, 269, 269, 269, 268, 268, 268, 268, 267,
	267, 267, 266, 266, 266, 266, 265, 265, 265, 264, 264, 264, 264, 263, 263, 263,
	262, 262, 262, 262, 261, 261, 261, 260, 260, 260, 260, 259, 259, 259, 258, 258,
	258, 258, 257, 257, 257, 256, 256, 256, 256, 255, 255, 255, 255, 254, 254, 254,
	253, 253, 253, 253, 252, 252, 252, 251, 251, 251, 251, 250, 250, 250, 250, 249,
	249, 249, 248, 248, 248, 248, 247, 247, 247, 246, 246, 246, 246, 245, 245, 245,
	245, 244, 244, 244, 243, 243, 243, 243, 242, 242, 242, 242, 241, 241, 241, 240,
	240, 240, 240, 239, 239, 239, 239, 238, 238, 238, 237, 237, 237, 237, 236, 236,
	236, 236, 235, 235, 235, 234, 234, 234, 234, 233, 233, 233, 233, 232, 232, 232,
	231, 231, 231, 231, 230, 230, 230, 230, 229, 229, 229, 229, 228, 228, 228, 227,
	227, 227, 227, 226, 226, 226, 226, 225, 225, 225, 225, 224, 224, 224, 223, 223,
	223, 223, 222, 222, 222, 222, 221, 221, 221, 221, 220, 220, 220, 220, 219, 219,
	219, 218, 218, 218, 218, 217, 217, 217, 217, 216, 216, 216, 216, 215, 215, 215,
	215, 214, 214, 214, 213, 213, 213, 213, 212, 212, 212, 212, 211, 211, 211, 211,
	210, 210, 210, 210, 209, 209, 209, 209, 208, 208, 208, 208, 207, 207, 207, 206,
	206, 206, 206, 205, 205, 205, 205, 204, 204, 204, 204, 203, 203, 203, 203, 202,
	202, 202, 202, 201, 201, 201, 201, 200, 200, 200, 200, 199, 199, 199, 199, 198,
	198, 198, 198, 197, 197, 197, 197, 196, 196, 196, 196, 195, 195, 195, 195, 194,
	194, 194, 194, 193, 193, 193, 192, 192, 192, 192, 191, 191, 191, 191, 190, 190,
	190, 190, 189, 189, 189, 189, 188, 188, 188, 188, 187, 187, 187, 187, 186, 186,
	186, 186, 185, 185, 185, 185, 185, 184, 184, 184, 184, 183, 183, 183, 183, 182,
	182, 182, 182, 181, 181, 181, 181, 180, 180, 180, 180, 179, 179, 179, 179, 178,
	178, 178, 178, 177, 177, 177, 177, 176, 176, 176, 176, 175, 175, 175, 175, 174,
	174, 174, 174, 173, 173, 173, 173, 172, 172, 172, 172, 172, 171, 171, 171, 171,
	170, 170, 170, 170, 169, 169, 169, 169, 168, 168, 168, 168, 167, 167, 167, 167,
	166, 166, 166, 166, 165, 165, 165, 165, 165, 164, 164, 164, 164, 163, 163, 163,
	163, 162, 162, 162, 162, 161, 161, 161, 161, 160, 160, 160, 160, 160, 159, 159,
	159, 159, 158, 158, 158, 158, 157, 157, 157, 157, 156, 156, 156, 156, 156, 155,
	155, 155, 155, 154, 154, 154, 154, 153, 153, 153, 153, 152, 152, 152, 152, 152,
	151, 151, 151, 151, 150, 150, 150, 150, 149, 149, 149, 149, 148, 148, 148, 148,
	148, 147, 147, 147, 147, 146, 146, 146, 146, 145, 145, 145, 145, 145, 144, 144,
	144, 144, 143, 143, 143, 143, 142, 142, 142, 142, 142, 141, 141, 141, 141, 140,
	140, 140, 140, 139, 139, 139, 139, 139, 138, 138, 138, 138, 137, 137, 137, 137,
	136, 136, 136, 136, 136, 135, 135, 135, 135, 134, 134, 134, 134, 134, 133, 133,
	133, 133, 132, 132, 132, 132, 132, 131, 131, 131, 131, 130, 130, 130, 130, 129,
	129, 129, 129, 129, 128, 128, 128, 128, 127, 127, 127, 127, 127, 126, 126, 126,
	126, 125, 125, 125, 125, 125, 124, 124, 124, 124, 123, 123, 123, 123, 123, 122,
	122, 122, 122, 121, 121, 121, 121, 121, 120, 120, 120, 120, 119, 119, 119, 119,
	119, 118, 118, 118, 118, 117, 117, 117, 117, 117, 116, 116, 116, 116, 115, 115,
	115, 115, 115, 114, 114, 114, 114, 113, 113, 113, 113, 113, 112, 112, 112, 112,
	112, 111, 111, 111, 111, 110, 110, 110, 110, 110, 109, 109, 109, 109, 108, 108,
	108, 108, 108, 107, 107, 107, 107, 107, 106, 106, 106, 106, 105, 105, 105, 105,
	105, 104, 104, 104, 104, 103, 103, 103, 103, 103, 102, 102, 102, 102, 102, 101,
	101, 101, 101, 100, 100, 100, 100, 100, 99, 99, 99, 99, 99, 98, 98, 98,
	98, 98, 97, 97, 97, 97, 96, 96, 96, 96, 96, 95, 95, 95, 95, 95,
	94, 94, 94, 94, 93, 93, 93, 93, 93, 92, 92, 92, 92, 92, 91, 91,
	91, 91, 91, 90, 90, 90, 90, 89, 89, 89, 89, 89, 88, 88, 88, 88,
	88, 87, 87, 87, 87, 87, 86, 86, 86, 86, 85, 85, 85, 85, 85, 84,
	84, 84, 84, 84, 83, 83, 83, 83, 83, 82, 82, 82, 82, 82, 81, 81,
	81, 81, 81, 80, 80, 80, 80, 79, 79, 79, 79, 79, 78, 78, 78, 78,
	78, 77, 77, 77, 77, 77, 76, 76, 76, 76, 76, 75, 75, 75, 75, 75,
	74, 74, 74, 74, 74, 73, 73, 73, 73, 73, 72, 72, 72, 72, 71, 71,
	71, 71, 71, 70, 70, 70, 70, 70, 69, 69, 69, 69, 69, 68, 68, 68,
	68, 68, 67, 67, 67, 67, 67, 66, 66, 66, 66, 66, 65, 65, 65, 65,
	65, 64, 64, 64, 64, 64, 63, 63, 63, 63, 63, 62, 62, 62, 62, 62,
	61, 61, 61, 61, 61, 60, 60, 60, 60, 60, 59, 59, 59, 59, 59, 58,
	58, 58, 58, 58, 57, 57, 57, 57, 57, 56, 56, 56, 56, 56, 55, 55,
};