const uint16_t coil_acceleration_lut[2000] = {
	6576, 6576, 6576, 6576, 6576, 6576, 6576, 6576, 6576, 6576, 6576, 6576, 6576, 6576, 6576, 6576,
	6576, 6576, 6576, 6576, 6576, 6576, 6576, 6576, 6576, 6576, 6576, 6576, 6576, 6576, 6576, 6576,
	6576, 6576, 6576, 6576, 6576, 6576, 6576, 6576, 6576, 6576, 6576, 6576, 6575, 6575, 6575, 6575,
	6575, 6575, 6575, 6575, 6575, 6575, 6575, 6575, 6575, 6575, 6575, 6575, 6574, 6574, 6574, 6574,
	6574, 6574, 6574, 6574, 6574, 6574, 6574, 6573, 6573, 6573, 6573, 6573, 6573, 6573, 6573, 6573,
	6573, 6572, 6572, 6572, 6572, 6572, 6572, 6572, 6572, 6571, 6571, 6571, 6571, 6571, 6571, 6571,
	6570, 6570, 6570, 6570, 6570, 6570, 6570, 6569, 6569, 6569, 6569, 6569, 6569, 6568, 6568, 6568,
	6568, 6568, 6568, 6567, 6567, 6567, 6567, 6567, 6566, 6566, 6566, 6566, 6566, 6565, 6565, 6565,
	6565, 6565, 6564, 6564, 6564, 6564, 6563, 6563, 6563, 6563, 6563, 6562, 6562, 6562, 6562, 6561,
	6561, 6561, 6561, 6560, 6560, 6560, 6560, 6559, 6559, 6559, 6559, 6558, 6558, 6558, 6557, 6557,
	6557, 6557, 6556, 6556, 6556, 6556, 6555, 6555, 6555, 6554, 6554, 6554, 6553, 6553, 6553, 6552,
	6552, 6552, 6552, 6551, 6551, 6551, 6550, 6550, 6550, 6549, 6549, 6549, 6548, 6548, 6547, 6547,
	6547, 6546, 6546, 6546, 6545, 6545, 6545, 6544, 6544, 6543, 6543, 6543, 6542, 6542, 6542, 6541,
	6541, 6540, 6540, 6540, 6539, 6539, 6538, 6538, 6537, 6537, 6537, 6536, 6536, 6535, 6535, 6535,
	6534, 6534, 6533, 6533, 6532, 6532, 6531, 6531, 6531, 6530, 6530, 6529, 6529, 6528, 6528, 6527,
	6527, 6526, 6526, 6525, 6525, 6524, 6524, 6523, 6523, 6522, 6522, 6521, 6521, 6520, 6520, 6519,
	6519, 6518, 6518, 6517, 6517, 6516, 6516, 6515, 6515, 6514, 6514, 6513, 6512, 6512, 6511, 6511,
	6510, 6510, 6509, 6509, 6508, 6507, 6507, 6506, 6506, 6505, 6504, 6504, 6503, 6503, 6502, 6502,
	6501, 6500, 6500, 6499, 6498, 6498, 6497, 6497, 6496, 6495, 6495, 6494, 6493, 6493, 6492, 6492,
	6491, 6490, 6490, 6489, 6488, 6488, 6487, 6486, 6486, 6485, 6484, 6484, 6483, 6482, 6482, 6481,
	6480, 6479, 6479, 6478, 6477, 6477, 6476, 6475, 6475, 6474, 6473, 6472, 6472, 6471, 6470, 6469,
	6469, 6468, 6467, 6467, 6466, 6465, 6464, 6464, 6463, 6462, 6461, 6460, 6460, 6459, 6458, 6457,
	6457, 6456, 6455, 6454, 6453, 6453, 6452, 6451, 6450, 6449, 6449, 6448, 6447, 6446, 6445, 6444,
	6444, 6443, 6442, 6441, 6440, 6439, 6439, 6438, 6437, 6436, 6435, 6434, 6433, 6433, 6432, 6431,
	6430, 6429, 6428, 6427, 6426, 6426, 6425, 6424, 6423, 6422, 6421, 6420, 6419, 6418, 6417, 6417,
	6416, 6415, 6414, 6413, 6412, 6411, 6410, 6409, 6408, 6407, 6406, 6405, 6404, 6403, 6402, 6401,
	6400, 6399, 6398, 6397, 6396, 6395, 6395, 6394, 6393, 6392, 6391, 6390, 6388, 6387, 6386, 6385,
	6384, 6383, 6382, 6381, 6380, 6379, 6378, 6377, 6376, 6375, 6374, 6373, 6372, 6371, 6370, 6369,
	6368, 6367, 6366, 6364, 6363, 6362, 6361, 6360, 6359, 6358, 6357, 6356, 6355, 6353, 6352, 6351,
	6350, 6349, 6348, 6347, 6346, 6344, 6343, 6342, 6341, 6340, 6339, 6338, 6336, 6335, 6334, 6333,
	6332, 6331, 6329, 6328, 6327, 6326, 6325, 6323, 6322, 6321, 6320, 6319, 6317, 6316, 6315, 6314,
	6313, 6311, 6310, 6309, 6308, 6306, 6305, 6304, 6303, 6301, 6300, 6299, 6298, 6296, 6295, 6294,
	6293, 6291, 6290, 6289, 6287, 6286, 6285, 6284, 6282, 6281, 6280, 6278, 6277, 6276, 6274, 6273,
	6272, 6270, 6269, 6268, 6266, 6265, 6264, 6262, 6261, 6260, 6258, 6257, 6256, 6254, 6253, 6251,
	6250, 6249, 6247, 6246, 6245, 6243, 6242, 6240, 6239, 6238, 6236, 6235, 6233, 6232, 6230, 6229,
	6228, 6226, 6225, 6223, 6222, 6220, 6219, 6218, 6216, 6215, 6213, 6212, 6210, 6209, 6207, 6206,
	6204, 6203, 6201, 6200, 6198, 6197, 6195, 6194, 6192, 6191, 6189, 6188, 6186, 6185, 6183, 6182,
	6180, 6179, 6177, 6175, 6174, 6172, 6171, 6169, 6168, 6166, 6164, 6163, 6161, 6160, 6158, 6157,
	6155, 6153, 6152, 6150, 6149, 6147, 6145, 6144, 6142, 6140, 6139, 6137, 6136, 6134, 6132, 6131,
	6129, 6127, 6126, 6124, 6122, 6121, 6119, 6117, 6116, 6114, 6112, 6111, 6109, 6107, 6106, 6104,
	6102, 6100, 6099, 6097, 6095, 6094, 6092, 6090, 6088, 6087, 6085, 6083, 6081, 6080, 6078, 6076,
	6074, 6073, 6071, 6069, 6067, 6066, 6064, 6062, 6060, 6058, 6057, 6055, 6053, 6051, 6049, 6048,
	6046, 6044, 6042, 6040, 6039, 6037, 6035, 6033, 6031, 6029, 6028, 6026, 6024, 6022, 6020, 6018,
	6016, 6014, 6013, 6011, 6009, 6007, 6005, 6003, 6001, 5999, 5997, 5996, 5994, 5992, 5990, 5988,
	5986, 5984, 5982, 5980, 5978, 5976, 5974, 5972, 5970, 5968, 5966, 5964, 5963, 5961, 5959, 5957,
	5955, 5953, 5951, 5949, 5947, 5945, 5943, 5941, 5939, 5937, 5935, 5933, 5931, 5928, 5926, 5924,
	5922, 5920, 5918, 5916, 5914, 5912, 5910, 5908, 5906, 5904, 5902, 5900, 5898, 5895, 5893, 5891,
	5889, 5887, 5885, 5883, 5881, 5879, 5877, 5874, 5872, 5870, 5868, 5866, 5864, 5862, 5859, 5857,
	5855, 5853, 5851, 5849, 5846, 5844, 5842, 5840, 5838, 5836, 5833, 5831, 5829, 5827, 5824, 5822,
	5820, 5818, 5816, 5813, 5811, 5809, 5807, 5804, 5802, 5800, 5798, 5795, 5793, 5791, 5789, 5786,
	5784, 5782, 5780, 5777, 5775, 5773, 5770, 5768, 5766, 5763, 5761, 5759, 5756, 5754, 5752, 5749,
	5747, 5745, 5742, 5740, 5738, 5735, 5733, 5731, 5728, 5726, 5724, 5721, 5719, 5716, 5714, 5712,
	5709, 5707, 5704, 5702, 5700, 5697, 5695, 5692, 5690, 5688, 5685, 5683, 5680, 5678, 5675, 5673,
	5670, 5668, 5666, 5663, 5661, 5658, 5656, 5653, 5651, 5648, 5646, 5643, 5641, 5638, 5636, 5633,
	5631, 5628, 5626, 5623, 5621, 5618, 5615, 5613, 5610, 5608, 5605, 5603, 5600, 5598, 5595, 5592,
	5590, 5587, 5585, 5582, 5580, 5577, 5574, 5572, 5569, 5566, 5564, 5561, 5559, 5556, 5553, 5551,
	5548, 5545, 5543, 5540, 5538, 5535, 5532, 5530, 5527, 5524, 5522, 5519, 5516, 5513, 5511, 5508,
	5505, 5503, 5500, 5497, 5495, 5492, 5489, 5486, 5484, 5481, 5478, 5475, 5473, 5470, 5467, 5464,
	5462, 5459, 5456, 5453, 5451, 5448, 5445, 5442, 5439, 5437, 5434, 5431, 5428, 5425, 5423, 5420,
	5417, 5414, 5411, 5408, 5406, 5403, 5400, 5397, 5394, 5391, 5389, 5386, 5383, 5380, 5377, 5374,
	5371, 5368, 5365, 5363, 5360, 5357, 5354, 5351, 5348, 5345, 5342, 5339, 5336, 5333, 5330, 5328,
	5325, 5322, 5319, 5316, 5313, 5310, 5307, 5304, 5301, 5298, 5295, 5292, 5289, 5286, 5283, 5280,
	5277, 5274, 5271, 5268, 5265, 5262, 5259, 5256, 5253, 5250, 5247, 5243, 5240, 5237, 5234, 5231,
	5228, 5225, 5222, 5219, 5216, 5213, 5210, 5206, 5203, 5200, 5197, 5194, 5191, 5188, 5185, 5182,
	5178, 5175, 5172, 5169, 5166, 5163, 5159, 5156, 5153, 5150, 5147, 5144, 5140, 5137, 5134, 5131,
	5128, 5124, 5121, 5118, 5115, 5112, 5108, 5105, 5102, 5099, 5095, 5092, 5089, 5086, 5082, 5079,
	5076, 5073, 5069, 5066, 5063, 5059, 5056, 5053, 5050, 5046, 5043, 5040, 5036, 5033, 5030, 5026,
	5023, 5020, 5016, 5013, 5010, 5006, 5003, 5000, 4996, 4993, 4990, 4986, 4983, 4979, 4976, 4973,
	4969, 4966, 4962, 4959, 4956, 4952, 4949, 4945, 4942, 4938, 4935, 4932, 4928, 4925, 4921, 4918,
	4914, 4911, 4907, 4904, 4900, 4897, 4893, 4890, 4886, 4883, 4879, 4876, 4872, 4869, 4865, 4862,
	4858, 4855, 4851, 4848, 4844, 4841, 4837, 4834, 4830, 4826, 4823, 4819, 4816, 4812, 4809, 4805,
	4801, 4798, 4794, 4791, 4787, 4783, 4780, 4776, 4773, 4769, 4765, 4762, 4758, 4754, 4751, 4747,
	4743, 4740, 4736, 4732, 4729, 4725, 4721, 4718, 4714, 4710, 4707, 4703, 4699, 4695, 4692, 4688,
	4684, 4681, 4677, 4673, 4669, 4666, 4662, 4658, 4654, 4651, 4647, 4643, 4639, 4636, 4632, 4628,
	4624, 4620, 4617, 4613, 4609, 4605, 4601, 4598, 4594, 4590, 4586, 4582, 4578, 4574, 4571, 4567,
	4563, 4559, 4555, 4551, 4547, 4544, 4540, 4536, 4532, 4528, 4524, 4520, 4516, 4512, 4508, 4505,
	4501, 4497, 4493, 4489, 4485, 4481, 4477, 4473, 4469, 4465, 4461, 4457, 4453, 4449, 4445, 4441,
	4437, 4433, 4429, 4425, 4421, 4417, 4413, 4409, 4405, 4401, 4397, 4393, 4389, 4385, 4381, 4377,
	4373, 4369, 4365, 4361, 4357, 4352, 4348, 4344, 4340, 4336, 4332, 4328, 4324, 4320, 4316, 4311,
	4307, 4303, 4299, 4295, 4291, 4287, 4282, 4278, 4274, 4270, 4266, 4262, 4257, 4253, 4249, 4245,
	4241, 4237, 4232, 4228, 4224, 4220, 4215, 4211, 4207, 4203, 4199, 4194, 4190, 4186, 4182, 4177,
	4173, 4169, 4164, 4160, 4156, 4152, 4147, 4143, 4139, 4134, 4130, 4126, 4122, 4117, 4113, 4109,
	4104, 4100, 4096, 4091, 4087, 4083, 4078, 4074, 4069, 4065, 4061, 4056, 4052, 4048, 4043, 4039,
	4034, 4030, 4026, 4021, 4017, 4012, 4008, 4003, 3999, 3995, 3990, 3986, 3981, 3977, 3972, 3968,
	3963, 3959, 3954, 3950, 3945, 3941, 3936, 3932, 3927, 3923, 3918, 3914, 3909, 3905, 3900, 3896,
	3891, 3887, 3882, 3878, 3873, 3868, 3864, 3859, 3855, 3850, 3846, 3841, 3836, 3832, 3827, 3823,
	3818, 3813, 3809, 3804, 3800, 3795, 3790, 3786, 3781, 3776, 3772, 3767, 3762, 3758, 3753, 3748,
	3744, 3739, 3734, 3730, 3725, 3720, 3716, 3711, 3706, 3701, 3697, 3692, 3687, 3682, 3678, 3673,
	3668, 3663, 3659, 3654, 3649, 3644, 3640, 3635, 3630, 3625, 3621, 3616, 3611, 3606, 3601, 3596,
	3592, 3587, 3582, 3577, 3572, 3567, 3563, 3558, 3553, 3548, 3543, 3538, 3533, 3529, 3524, 3519,
	3514, 3509, 3504, 3499, 3494, 3489, 3485, 3480, 3475, 3470, 3465, 3460, 3455, 3450, 3445, 3440,
	3435, 3430, 3425, 3420, 3415, 3410, 3405, 3400, 3395, 3390, 3385, 3380, 3375, 3370, 3365, 3360,
	3355, 3350, 3345, 3340, 3335, 3330, 3325, 3320, 3315, 3310, 3305, 3300, 3294, 3289, 3284, 3279,
	3274, 3269, 3264, 3259, 3254, 3248, 3243, 3238, 3233, 3228, 3223, 3218, 3212, 3207, 3202, 3197,
	3192, 3187, 3181, 3176, 3171, 3166, 3161, 3155, 3150, 3145, 3140, 3135, 3129, 3124, 3119, 3114,
	3108, 3103, 3098, 3093, 3087, 3082, 3077, 3072, 3066, 3061, 3056, 3050, 3045, 3040, 3035, 3029,
	3024, 3019, 3013, 3008, 3003, 2997, 2992, 2987, 2981, 2976, 2970, 2965, 2960, 2954, 2949, 2944,
	2938, 2933, 2927, 2922, 2917, 2911, 2906, 2900, 2895, 2889, 2884, 2879, 2873, 2868, 2862, 2857,
	2851, 2846, 2840, 2835, 2829, 2824, 2818, 2813, 2807, 2802, 2796, 2791, 2785, 2780, 2774, 2769,
	2763, 2758, 2752, 2747, 2741, 2736, 2730, 2724, 2719, 2713, 2708, 2702, 2697, 2691, 2685, 2680,
	2674, 2669, 2663, 2657, 2652, 2646, 2640, 2635, 2629, 2623, 2618, 2612, 2607, 2601, 2595, 2590,
	2584, 2578, 2572, 2567, 2561, 2555, 2550, 2544, 2538, 2532, 2527, 2521, 2515, 2510, 2504, 2498,
	2492, 2487, 2481, 2475, 2469, 2463, 2458, 2452, 2446, 2440, 2435, 2429, 2423, 2417, 2411, 2405,
	2400, 2394, 2388, 2382, 2376, 2370, 2365, 2359, 2353, 2347, 2341, 2335, 2329, 2323, 2318, 2312,
	2306, 2300, 2294, 2288, 2282, 2276, 2270, 2264, 2258, 2252, 2247, 2241, 2235, 2229, 2223, 2217,
	2211, 2205, 2199, 2193, 2187, 2181, 2175, 2169, 2163, 2157, 2151, 2145, 2139, 2133, 2127, 2121,
	2115, 2108, 2102, 2096, 2090, 2084, 2078, 2072, 2066, 2060, 2054, 2048, 2042, 2035, 2029, 2023,
	2017, 2011, 2005, 1999, 1993, 1986, 1980, 1974, 1968, 1962, 1956, 1949, 1943, 1937, 1931, 1925,
	1919, 1912, 1906, 1900, 1894, 1887, 1881, 1875, 1869, 1863, 1856, 1850, 1844, 1838, 1831, 1825,
	1819, 1812, 1806, 1800, 1794, 1787, 1781, 1775, 1768, 1762, 1756, 1749, 1743, 1737, 1730, 1724,
	1718, 1711, 1705, 1699, 1692, 1686, 1680, 1673, 1667, 1660, 1654, 1648, 1641, 1635, 1628, 1622,
	1616, 1609, 1603, 1596, 1590, 1583, 1577, 1570, 1564, 1558, 1551, 1545, 1538, 1532, 1525, 1519,
	1512, 1506, 1499, 1493, 1486, 1480, 1473, 1467, 1460, 1453, 1447, 1440, 1434, 1427, 1421, 1414,
	1408, 1401, 1394, 1388, 1381, 1375, 1368, 1361, 1355, 1348, 1342, 1335, 1328, 1322, 1315, 1308,
	1302, 1295, 1288, 1282, 1275, 1268, 1262, 1255, 1248, 1242, 1235, 1228, 1222, 1215, 1208, 1201,
	1195, 1188, 1181, 1174, 1168, 1161, 1154, 1147, 1141, 1134, 1127, 1120, 1114, 1107, 1100, 1093,
	1086, 1080, 1073, 1066, 1059, 1052, 1046, 1039, 1032, 1025, 1018, 1011, 1004, 998, 991, 984,
	977, 970, 963, 956, 949, 943, 936, 929, 922, 915, 908, 901, 894, 887, 880, 873,
	866, 859, 852, 845, 838, 831, 824, 817, 810, 803, 796, 789, 782, 775, 768, 761,
	754, 747, 740, 733, 726, 719, 712, 705, 698, 691, 684, 677, 670, 663, 655, 648,
	641, 634, 627, 620, 613, 606, 598, 591, 584, 577, 570, 563, 556, 548, 541, 534,
	527, 520, 512, 505, 498, 491, 484, 476, 469, 462, 455, 447, 440, 433, 426, 418,
	411, 404, 397, 389, 382, 375, 368, 360, 353, 346, 338, 331, 324, 316, 309, 302,
	294, 287, 280, 272, 265, 258, 250, 243, 235, 228, 221, 213, 206, 199, 191, 184,
	176, 169, 161, 154, 147, 139, 132, 124, 117, 109, 102, 94, 87, 79, 72, 64,
};
